# python
Tf = 2.0
x0 = [ 1.332       0.17        7.83529412  0.5        -0.68743428  0.
  0.          0.          0.          1.91610636]
Q = [[1000    0    0    0    0    0    0    0    0    0]
 [   0  100    0    0    0    0    0    0    0    0]
 [   0    0    0    0    0    0    0    0    0    0]
 [   0    0    0    0    0    0    0    0    0    0]
 [   0    0    0    0 1000    0    0    0    0    0]
 [   0    0    0    0    0    0    0    0    0    0]
 [   0    0    0    0    0    0    0    0    0    0]
 [   0    0    0    0    0    0    0    0    0    0]
 [   0    0    0    0    0    0    0    0    0    0]
 [   0    0    0    0    0    0    0    0    0    0]]
R = [[1 0 0 0]
 [0 1 0 0]
 [0 0 0 0]
 [0 0 0 0]]
Qe = [[1000    0    0    0    0    0    0    0    0    0]
 [   0  100    0    0    0    0    0    0    0    0]
 [   0    0    0    0    0    0    0    0    0    0]
 [   0    0    0    0    0    0    0    0    0    0]
 [   0    0    0    0 1000    0    0    0    0    0]
 [   0    0    0    0    0    0    0    0    0    0]
 [   0    0    0    0    0    0    0    0    0    0]
 [   0    0    0    0    0    0    0    0    0    0]
 [   0    0    0    0    0    0    0    0    0    0]
 [   0    0    0    0    0    0    0    0    0    0]]
qp_solver = FULL_CONDENSING_QPOASES
nlp_solver_type = SQP_RTI
qp_solver_iter_max = 1000
nlp_solver_max_iter = 1000
min_time = 0.021411895751953125
max_time = 0.0724942684173584
mean_time = 0.03593789339065552
std_time = 0.010899574921085084
cost integral = 60336.455253839515
