# python
Tf = 2.0
x0 = [ 1.332       0.17        7.83529412  0.5        -0.68743428  0.
  0.          0.          0.          1.91610636]
Q = [[1000    0    0    0    0    0    0    0    0    0]
 [   0  100    0    0    0    0    0    0    0    0]
 [   0    0    0    0    0    0    0    0    0    0]
 [   0    0    0    0    0    0    0    0    0    0]
 [   0    0    0    0 1000    0    0    0    0    0]
 [   0    0    0    0    0    0    0    0    0    0]
 [   0    0    0    0    0    0    0    0    0    0]
 [   0    0    0    0    0    0    0    0    0    0]
 [   0    0    0    0    0    0    0    0    0    0]
 [   0    0    0    0    0    0    0    0    0    0]]
R = [[1 0 0 0]
 [0 1 0 0]
 [0 0 0 0]
 [0 0 0 0]]
Qe = [[1000    0    0    0    0    0    0    0    0    0]
 [   0  100    0    0    0    0    0    0    0    0]
 [   0    0    0    0    0    0    0    0    0    0]
 [   0    0    0    0    0    0    0    0    0    0]
 [   0    0    0    0 1000    0    0    0    0    0]
 [   0    0    0    0    0    0    0    0    0    0]
 [   0    0    0    0    0    0    0    0    0    0]
 [   0    0    0    0    0    0    0    0    0    0]
 [   0    0    0    0    0    0    0    0    0    0]
 [   0    0    0    0    0    0    0    0    0    0]]
qp_solver = FULL_CONDENSING_QPOASES
nlp_solver_type = SQP_RTI
qp_solver_iter_max = 1000
nlp_solver_max_iter = 1000
min_time = 0.021752357482910156
max_time = 0.07967829704284668
mean_time = 0.03693892478942871
std_time = 0.011027987105541343
cost integral = 60336.455253839515
